20 13921
114 582
38 194
133 679
95 485
612 396
171 873
918 594
408 264
714 462
510 330
114 582
76 388
57 291
204 132
1020 660
816 528
190 970
510 330
114 582
714 462

20 900
1900 410
1312 720
190 41
1312 720
820 450
1520 328
820 450
984 540
190 41
164 90
380 82
1312 720
1640 900
984 540
760 164
380 82
1312 720
1640 900
164 90
1640 900

20 1150
485 575
485 575
776 920
970 1150
450 275
582 690
180 110
810 495
540 330
540 330
873 1035
291 345
388 460
810 495
810 495
630 385
679 805
360 220
679 805
900 550

20 1251
1440 1251
60 69
320 278
60 69
360 414
1120 973
600 690
60 69
1280 1112
600 690
800 695
420 483
60 69
60 69
480 417
160 139
180 207
540 621
240 276
60 69

20 830
124 332
248 664
217 581
93 249
368 372
155 415
644 651
368 372
276 279
460 465
62 166
310 830
155 415
552 558
736 744
552 558
62 166
276 279
248 664
276 279

20 1180
1310 980
620 472
131 98
620 472
775 590
524 392
465 354
1240 944
917 686
1395 1062
1048 784
620 472
310 236
1240 944
524 392
1310 980
1550 1180
1240 944
775 590
620 472

20 1278
440 710
88 142
528 852
528 852
505 560
176 284
1010 1120
101 112
1010 1120
606 672
440 710
792 1278
704 1136
101 112
909 1008
505 560
792 1278
202 224
88 142
606 672

20 1503
1350 1503
360 630
300 334
504 882
288 504
150 167
432 756
216 378
600 668
720 1260
150 167
216 378
216 378
360 630
450 501
1350 1503
504 882
504 882
432 756
504 882

20 1409
168 560
84 280
294 980
378 1260
332 484
378 1260
415 605
498 726
747 1089
415 605
336 1120
336 1120
378 1260
664 968
664 968
332 484
168 560
83 121
84 280
747 1089

20 1450
1136 672
1168 1160
142 84
1460 1450
438 435
1420 840
146 145
1168 1160
142 84
1314 1305
568 336
292 290
876 870
1460 1450
284 168
852 504
292 290
876 870
1022 1015
1460 1450

20 1700
40 850
40 850
48 1020
16 340
339 294
64 1360
904 784
113 98
678 588
452 392
8 170
56 1190
80 1700
565 490
791 686
113 98
8 170
1130 980
24 510
1130 980

20 1584
1269 1116
83 112
1410 1240
415 560
332 448
987 868
332 448
249 336
1128 992
664 896
987 868
83 112
581 784
581 784
141 124
705 620
747 1008
415 560
830 1120
249 336

20 1858
736 504
1472 1008
1288 882
920 630
8 296
920 630
4 148
24 888
12 444
20 740
736 504
1104 756
184 126
40 1480
24 888
40 1480
1104 756
36 1332
736 504
12 444

20 2676
1232 1120
548 692
154 140
1096 1384
411 519
616 560
959 1211
1096 1384
1078 980
1233 1557
1540 1400
1370 1730
1096 1384
548 692
1540 1400
616 560
548 692
548 692
137 173
822 1038

20 2799
995 985
199 197
1194 1182
1592 1576
375 462
398 394
750 924
125 154
1250 1540
500 616
1393 1379
995 985
796 788
875 1078
625 770
1125 1386
597 591
1250 1540
1393 1379
750 924

20 2710
1188 1359
475 840
1320 1510
95 168
190 336
396 453
190 336
285 504
528 604
760 1344
396 453
855 1512
855 1512
855 1512
1188 1359
396 453
95 168
475 840
190 336
855 1512

20 2733
780 448
390 224
1365 784
195 112
388 352
195 112
1746 1584
1164 1056
1746 1584
582 528
1560 896
390 224
975 560
776 704
776 704
1552 1408
1560 896
1746 1584
1560 896
1746 1584

20 3329
1328 1008
1016 1600
166 126
508 800
381 600
1660 1260
635 1000
1016 1600
166 126
889 1400
664 504
762 1200
254 400
762 1200
1328 1008
332 252
762 1200
508 800
381 600
1270 2000

20 1358
570 75
950 125
1140 150
760 100
136 140
1520 200
272 280
136 140
816 840
544 560
190 25
190 25
1140 150
1224 1260
408 420
952 980
950 125
1088 1120
1710 225
272 280

20 3545
1107 1611
36 154
1230 1790
252 1078
72 308
861 1253
360 1540
108 462
1230 1790
288 1232
861 1253
180 770
108 462
108 462
861 1253
123 179
108 462
108 462
216 924
108 462

20 2274
28 672
56 1344
35 840
63 1512
370 8
35 840
1295 28
1110 24
555 12
555 12
28 672
70 1680
49 1176
1110 24
370 8
1110 24
14 336
1295 28
70 1680
925 20

20 2262
1416 1456
472 112
177 182
1180 280
118 28
1062 1092
354 84
944 224
1239 1274
826 196
1770 1820
472 112
472 112
944 224
1062 1092
1416 1456
944 224
236 56
826 196
708 168

20 2636
543 159
181 53
1086 318
362 106
77 196
724 212
770 1960
77 196
770 1960
154 392
1267 371
1629 477
1810 530
231 588
77 196
231 588
1267 371
462 1176
543 159
616 1568

20 245
798 49
240 55
1140 70
144 33
480 110
342 21
288 66
144 33
456 28
288 66
342 21
144 33
240 55
240 55
570 35
798 49
240 55
48 11
384 88
432 99

20 2175
72 616
36 308
90 770
90 770
1760 310
18 154
528 93
1056 186
1584 279
528 93
180 1540
144 1232
18 154
1408 248
1760 310
352 62
72 616
880 155
72 616
1584 279

20 2623
1512 1344
312 448
189 168
234 336
39 56
1890 1680
39 56
312 448
189 168
273 392
1134 1008
78 112
312 448
78 112
756 672
1134 1008
390 560
390 560
351 504
78 112

20 3484
513 240
855 400
1026 480
1368 640
801 1638
1368 640
712 1456
89 182
534 1092
178 364
513 240
1197 560
342 160
445 910
801 1638
89 182
1539 720
356 728
855 400
178 364

20 5032
238 238
59 197
340 340
531 1773
590 1970
306 306
236 788
177 591
340 340
354 1182
306 306
531 1773
531 1773
531 1773
102 102
170 170
413 1379
531 1773
118 394
295 985

20 988
120 44
240 88
150 55
30 11
1670 590
210 77
167 59
1002 354
501 177
167 59
180 66
120 44
90 33
334 118
1336 472
1670 590
180 66
501 177
180 66
835 295

20 2269
1040 200
116 332
1170 225
116 332
261 747
780 150
203 581
232 664
910 175
145 415
260 50
232 664
290 830
116 332
520 100
520 100
58 166
232 664
87 249
232 664

20 1204
486 111
162 37
972 222
648 148
909 351
648 148
606 234
101 39
202 78
202 78
1458 333
486 111
972 222
909 351
909 351
909 351
162 37
202 78
1458 333
808 312

20 1879
175 434
355 265
250 620
497 371
710 530
75 186
142 106
213 159
100 248
426 318
125 310
497 371
71 53
71 53
75 186
75 186
639 477
497 371
284 212
639 477

20 4506
84 394
84 394
210 985
294 1379
1264 688
42 197
1422 774
948 516
1422 774
158 86
84 394
84 394
294 1379
632 344
1264 688
1264 688
336 1576
158 86
420 1970
158 86

20 3212
1136 88
160 888
1278 99
200 1110
180 999
284 22
100 555
160 888
142 11
100 555
1136 88
120 666
80 444
160 888
284 22
1420 110
120 666
120 666
100 555
40 222

20 1602
459 195
765 325
918 390
1530 650
1008 225
1530 650
224 50
112 25
672 150
1120 250
459 195
153 65
1224 520
112 25
784 175
560 125
459 195
1120 250
153 65
448 100

20 2592
112 623
83 39
160 890
249 117
664 312
144 801
664 312
249 117
160 890
498 234
144 801
415 195
415 195
249 117
16 89
144 801
83 39
415 195
664 312
415 195

20 3667
366 106
1464 424
915 265
549 159
1184 912
1281 371
1036 798
888 684
444 342
148 114
1098 318
1830 530
1647 477
1184 912
888 684
592 456
1830 530
1332 1026
366 106
1036 798

20 5467
918 402
44 552
1377 603
66 828
77 966
918 402
33 414
88 1104
1071 469
55 690
306 134
44 552
66 828
110 1380
1530 670
1224 536
88 1104
44 552
99 1242
88 1104

20 3578
432 279
144 93
576 372
1152 744
868 567
576 372
1240 810
124 81
248 162
1240 810
1296 837
1296 837
288 186
372 243
620 405
372 243
720 465
992 648
720 465
992 648

20 4698
42 819
120 475
60 1170
216 855
192 760
30 585
144 570
72 285
24 468
96 380
30 585
24 95
168 665
168 665
54 1053
42 819
72 285
72 285
240 950
24 95

20 3907
388 78
388 78
970 195
194 39
414 852
582 117
207 426
414 852
621 1278
621 1278
388 78
1164 234
582 117
690 1420
276 568
138 284
388 78
621 1278
1164 234
69 142

20 5895
990 318
16 1328
1485 477
4 332
14 1162
330 106
2 166
16 1328
495 159
10 830
1320 424
20 1660
20 1660
4 332
1320 424
990 318
20 1660
8 664
2 166
8 664

20 4327
192 360
320 600
256 480
256 480
945 469
640 1200
1080 536
135 67
810 402
1350 670
320 600
320 600
256 480
945 469
405 201
135 67
448 840
1080 536
448 840
540 268

20 5247
1379 1015
35 81
1970 1450
175 405
210 486
1773 1305
140 324
105 243
1970 1450
140 324
197 145
315 729
35 81
315 729
1379 1015
985 725
175 405
105 243
140 324
245 567

20 6596
12 190
48 760
30 475
42 665
360 1014
42 665
60 169
360 1014
300 845
540 1521
48 760
24 380
30 475
120 338
120 338
600 1690
24 380
420 1183
48 760
420 1183

20 8289
1056 660
772 776
1584 990
1544 1552
1351 1358
1408 880
1351 1358
1544 1552
1232 770
579 582
704 440
1544 1552
386 388
1158 1164
1056 660
352 220
386 388
386 388
965 970
1544 1552

20 6088
55 148
55 148
220 592
550 1480
385 620
330 888
308 496
77 124
154 248
616 992
55 148
165 444
440 1184
693 1116
77 124
539 868
495 1332
462 744
55 148
770 1240

20 4584
1316 1204
235 335
1504 1376
141 201
282 402
940 860
94 134
141 201
752 688
188 268
1316 1204
329 469
141 201
47 67
940 860
188 172
329 469
47 67
282 402
47 67

20 8087
36 162
36 162
90 405
54 243
200 788
54 243
450 1773
400 1576
450 1773
450 1773
72 324
36 162
162 729
300 1182
500 1970
300 1182
108 486
250 985
36 162
150 591

20 2943
708 576
1464 168
1062 864
1098 126
915 105
236 192
915 105
1830 210
354 288
549 63
1180 960
1098 126
1098 126
1464 168
472 384
1180 960
732 84
1830 210
1281 147
732 84

20 7140
46 175
230 875
184 700
276 1050
440 550
460 1750
176 220
264 330
528 660
704 880
322 1225
46 175
460 1750
88 110
792 990
440 550
138 525
352 440
138 525
528 660

20 9265
1253 1400
59 124
1432 1600
531 1116
236 496
179 200
472 992
295 620
1790 2000
118 248
537 600
177 372
413 868
295 620
537 600
1611 1800
531 1116
531 1116
590 1240
413 868

20 5163
58 276
232 1104
87 414
261 1242
164 96
261 1242
287 168
328 192
205 120
287 168
232 1104
232 1104
29 138
328 192
410 240
164 96
232 1104
123 72
116 552
369 216

20 9829
774 912
696 712
1161 1368
348 356
870 890
1032 1216
522 534
1740 1780
903 1064
522 534
516 608
348 356
1392 1424
348 356
516 608
1032 1216
1044 1068
1392 1424
174 178
1740 1780

20 5037
37 3
37 3
148 12
148 12
300 498
222 18
1000 1660
300 498
200 332
800 1328
37 3
259 21
148 12
500 830
900 1494
300 498
185 15
200 332
259 21
1000 1660

20 4090
495 135
350 550
792 216
350 550
280 440
495 135
420 660
350 550
594 162
140 220
693 189
70 110
630 990
490 770
297 81
693 189
70 110
490 770
140 220
210 330

20 4878
340 248
340 248
510 372
1190 868
128 208
510 372
96 156
256 416
288 468
224 364
680 496
1020 744
850 620
64 104
256 416
64 104
1700 1240
32 52
1360 992
96 156

20 3280
846 828
760 48
1269 1242
760 48
285 18
564 552
855 54
950 60
423 414
95 6
1410 1380
950 60
190 12
380 24
282 276
564 552
760 48
570 36
285 18
570 36

20 6785
27 31
135 155
108 124
270 310
333 456
54 62
888 1216
333 456
666 912
666 912
189 217
135 155
162 186
777 1064
777 1064
999 1368
189 217
1110 1520
243 279
666 912

20 6239
450 275
82 166
720 440
82 166
328 664
90 55
328 664
410 830
900 550
164 332
270 165
738 1494
246 498
82 166
90 55
270 165
246 498
410 830
492 996
738 1494

20 10025
1820 1800
1456 1440
546 540
546 540
46 160
1638 1620
23 80
184 640
115 400
161 560
1820 1800
728 720
1274 1260
92 320
138 480
184 640
364 360
207 720
1820 1800
207 720

20 7106
912 1164
340 136
1064 1358
340 136
255 102
1216 1552
595 238
850 340
1064 1358
85 34
912 1164
680 272
340 136
510 204
1520 1940
304 388
850 340
340 136
595 238
850 340

20 1858
18 58
18 58
72 232
108 348
123 8
108 348
492 32
369 24
246 16
738 48
54 174
54 174
180 580
123 8
615 40
861 56
162 522
984 64
54 174
246 16

20 8819
405 415
115 760
648 664
207 1368
46 304
567 581
46 304
115 760
486 498
230 1520
729 747
115 760
115 760
69 456
729 747
81 83
161 1064
69 456
184 1216
69 456

20 10107
1940 1660
388 332
582 498
1746 1494
28 214
970 830
126 963
112 856
126 963
98 749
1164 996
1940 1660
194 166
84 642
56 428
84 642
776 664
98 749
776 664
70 535

20 7495
984 1080
608 488
1148 1260
152 122
76 61
656 720
380 305
760 610
492 540
76 61
328 360
304 244
608 488
760 610
1312 1440
1640 1800
152 122
304 244
684 549
456 366

20 8330
9 86
45 430
36 344
18 172
64 194
18 172
128 388
192 582
512 1552
384 1164
81 774
81 774
18 172
192 582
192 582
320 970
9 86
512 1552
45 430
512 1552

20 3762
360 550
35 9
576 880
175 45
70 18
72 110
280 72
175 45
720 1100
350 90
360 550
105 27
315 81
175 45
504 770
648 990
315 81
105 27
70 18
315 81

20 6937
50 230
40 184
15 69
25 115
1340 1350
45 207
670 675
1072 1080
670 675
670 675
10 46
40 184
15 69
1340 1350
268 270
536 540
30 138
938 945
30 138
1206 1215

20 4931
704 148
268 356
1232 259
536 712
67 89
1760 370
201 267
670 890
1232 259
603 801
1056 222
134 178
670 890
134 178
1056 222
1408 296
268 356
134 178
201 267
134 178

20 8494
129 113
129 113
258 226
1032 904
76 180
1032 904
760 1800
228 540
152 360
456 1080
387 339
903 791
774 678
380 900
76 180
76 180
387 339
456 1080
1161 1017
152 360

20 12628
310 690
230 975
496 1104
46 195
460 1950
434 966
276 1170
230 975
372 828
460 1950
558 1242
46 195
46 195
414 1755
310 690
310 690
46 195
46 195
184 780
230 975

20 8235
170 90
34 18
51 27
51 27
1250 1620
85 45
375 486
1000 1296
1125 1458
625 810
102 54
102 54
119 63
250 324
1250 1620
1250 1620
136 72
625 810
170 90
625 810

20 8630
468 92
464 928
819 161
232 464
522 1044
468 92
522 1044
580 1160
351 69
522 1044
234 46
580 1160
232 464
232 464
468 92
468 92
348 696
580 1160
290 580
464 928

20 7185
1080 1269
600 705
240 282
720 846
783 333
240 282
696 296
261 111
696 296
348 148
1080 1269
360 423
960 1128
783 333
783 333
783 333
600 705
348 148
120 141
696 296

20 7548
265 825
58 51
424 1320
406 357
580 510
159 495
232 204
290 255
530 1650
464 408
265 825
406 357
290 255
58 51
159 495
159 495
174 153
522 459
464 408
522 459

20 7623
280 650
224 520
84 195
252 585
928 960
28 65
116 120
928 960
580 600
580 600
56 130
56 130
252 585
464 480
1160 1200
928 960
280 650
348 360
56 130
116 120

20 13360
512 316
196 576
896 553
490 1440
441 1296
1280 790
343 1008
490 1440
1152 711
441 1296
1024 632
294 864
294 864
392 1152
512 316
256 158
392 1152
392 1152
441 1296
98 288

20 6361
999 1521
111 169
222 338
222 338
891 207
888 1352
396 92
297 69
198 46
396 92
555 845
111 169
222 338
99 23
891 207
693 161
777 1183
198 46
555 845
396 92

20 6924
220 965
483 259
264 1158
207 111
552 296
308 1351
690 370
345 185
264 1158
552 296
44 193
345 185
483 259
345 185
132 579
44 193
345 185
483 259
690 370
345 185

20 9246
1700 510
340 102
510 153
850 255
848 1176
850 255
954 1323
848 1176
106 147
318 441
1360 408
1700 510
510 153
848 1176
848 1176
636 882
680 204
106 147
1020 306
742 1029

20 15584
560 260
312 1376
980 455
312 1376
351 1548
840 390
195 860
390 1720
420 195
273 1204
560 260
156 688
390 1720
390 1720
280 130
1400 650
390 1720
234 1032
117 516
312 1376

20 13042
918 1764
510 980
204 392
816 1568
777 553
408 784
222 158
333 237
888 632
444 316
102 196
918 1764
408 784
555 395
777 553
333 237
918 1764
1110 790
714 1372
888 632

20 5209
492 63
11 93
984 126
11 93
88 744
492 63
88 744
55 465
1640 210
88 744
1148 147
33 279
11 93
77 651
164 21
1148 147
77 651
55 465
44 372
11 93

20 13257
1810 1070
1448 856
543 321
181 107
776 1400
181 107
485 875
776 1400
485 875
291 525
724 428
1448 856
905 535
970 1750
582 1050
194 350
1086 642
873 1575
1448 856
97 175

20 15645
608 488
640 796
1064 854
640 796
1120 1393
1520 1220
480 597
1600 1990
1368 1098
1120 1393
1520 1220
320 398
320 398
640 796
1520 1220
912 732
320 398
640 796
800 995
640 796

20 3694
837 216
93 24
186 48
372 96
854 455
744 192
1220 650
366 195
244 130
244 130
651 168
465 120
744 192
854 455
610 325
122 65
93 24
976 520
93 24
488 260

20 7481
465 144
154 553
930 288
154 553
132 474
1395 432
132 474
110 395
930 288
176 632
155 48
198 711
66 237
198 711
1395 432
775 240
198 711
66 237
132 474
154 553

20 4846
1930 930
386 186
193 93
1351 651
528 12
1351 651
264 6
704 16
88 2
264 6
1544 744
772 372
1737 837
352 8
352 8
880 20
1544 744
616 14
386 186
616 14

20 5726
652 432
1208 216
1141 756
1510 270
1057 189
978 648
1359 243
1510 270
489 324
1057 189
652 432
1208 216
906 162
906 162
1304 864
652 432
604 108
302 54
1359 243
1208 216

20 8854
747 459
415 255
166 102
166 102
315 610
332 204
504 976
189 366
504 976
126 244
83 51
249 153
830 510
567 1098
189 366
567 1098
249 153
378 732
249 153
630 1220

20 9455
438 228
34 136
876 456
102 408
204 816
438 228
136 544
238 952
292 152
204 816
1022 532
238 952
238 952
102 408
1022 532
438 228
34 136
102 408
340 1360
34 136

20 7430
32 1200
32 1200
4 150
20 750
474 180
4 150
79 30
790 300
395 150
79 30
16 600
8 300
4 150
474 180
158 60
632 240
40 1500
553 210
16 600
237 90

20 9217
416 656
564 216
520 820
846 324
705 270
208 328
987 378
282 108
936 1476
987 378
1040 1640
846 324
1128 432
1128 432
624 984
208 328
1128 432
282 108
141 54
564 216

20 7974
666 711
74 79
148 158
592 632
375 540
740 790
300 432
375 540
150 216
150 216
518 553
74 79
296 316
225 324
75 108
375 540
370 395
450 648
518 553
450 648

20 10214
411 99
315 854
822 198
405 1098
270 732
1233 297
450 1220
315 854
822 198
270 732
411 99
225 610
405 1098
225 610
685 165
1233 297
135 366
45 122
90 244
315 854

20 10339
128 1088
32 272
16 136
16 136
280 232
112 952
630 522
700 580
70 58
70 58
160 1360
160 1360
80 680
560 464
700 580
280 232
32 272
350 290
128 1088
490 406

20 10518
232 300
1056 656
580 750
264 164
660 410
696 900
660 410
264 164
348 450
660 410
696 900
528 328
264 164
264 164
464 600
928 1200
1320 820
1320 820
660 410
1320 820

20 15679
1755 963
975 535
390 214
780 428
435 820
780 428
174 328
435 820
696 1312
870 1640
585 321
1365 749
1170 642
435 820
783 1476
261 492
1365 749
348 656
1755 963
870 1640

20 13921
384 183
57 178
768 366
399 1246
228 712
640 305
456 1424
399 1246
256 122
342 1068
1152 549
57 178
171 534
399 1246
384 183
896 427
285 890
513 1602
342 1068
171 534

20 13921
